INTEX-B Flight 15-20 samping over pacific						
42						
Timestamp(UTC_Start)	LATITUDE(degN)	LONGITUDE(degE)	PressureAtltitude(km)	CO(ppbv)		
2006-04-22T00:03:30Z	46.3076	-125.309	5.14694	137.165		
2006-04-22T00:04:30Z	46.354	-125.226	5.14747	137.079		
2006-04-22T00:05:30Z	46.4005	-125.143	5.14732	136.805		
2006-04-22T00:06:30Z	46.447	-125.059	5.14879	135.419		
2006-04-22T00:07:30Z	46.4935	-124.975	5.14963	134.98		
2006-04-22T00:08:30Z	46.54	-124.891	5.14869	133.37		
2006-04-22T00:09:30Z	46.5866	-124.807	5.15094	131.854		
2006-04-22T00:10:30Z	46.6332	-124.722	5.1538	133.524		
2006-04-22T00:11:30Z	46.6798	-124.637	5.14997	135.905		
2006-04-22T00:12:30Z	46.7262	-124.553	5.14962	141.648		
2006-04-22T00:13:30Z	46.7725	-124.467	5.15002	126.126		
2006-04-22T00:14:30Z	46.8189	-124.382	5.14987	125.808		
2006-04-22T00:15:30Z	46.8653	-124.296	5.14809	124.728		
2006-04-22T00:16:30Z	46.912	-124.21	5.10583	130.543		
2006-04-22T00:17:30Z	46.9535	-124.118	4.8438	133.615		
2006-04-22T00:18:30Z	46.981	-124.016	4.52892	133.391		
2006-04-22T00:19:30Z	47.0045	-123.915	4.2502	137.342		
2006-04-22T00:20:30Z	47.0041	-123.809	3.94523	136.873		
2006-04-22T00:21:30Z	46.9984	-123.702	3.63481	131.484		
2006-04-22T00:22:30Z	46.9944	-123.596	3.33986	133.601		
2006-04-22T00:23:30Z	46.9907	-123.495	3.05793	143.727		
2006-04-22T00:24:30Z	46.9882	-123.4	3.00081	145.246		
2006-04-22T00:25:30Z	46.9863	-123.303	3.01012	144.469		
2006-04-22T00:26:30Z	46.9826	-123.202	2.93011	141.341		
2006-04-22T00:27:30Z	46.9827	-123.104	2.6461	139.08		
2006-04-22T00:31:30Z	47.1823	-122.948	1.27568	150.736		
2006-04-22T00:32:30Z	47.2373	-122.915	1.19161	151.018		
2006-04-22T00:33:30Z	47.2965	-122.882	1.18509	151.752		
2006-04-22T00:34:30Z	47.3565	-122.849	1.1688	156.027		
2006-04-22T00:35:30Z	47.4154	-122.816	1.13471	172.554		
2006-04-22T00:36:30Z	47.4675	-122.774	1.16415	179.456		
2006-04-22T00:37:30Z	47.5183	-122.73	1.186	176.33		
2006-04-22T00:38:30Z	47.5715	-122.683	1.19062	163.879		
2006-04-22T00:39:30Z	47.6254	-122.635	1.18141	155.146		
2006-04-22T00:40:30Z	47.6782	-122.591	1.16388	155.02		
2006-04-22T00:41:30Z	47.7299	-122.56	1.15729	148.099		
2006-04-22T00:42:30Z	47.7753	-122.531	1.20343	145.513		
2006-04-22T00:43:30Z	47.8116	-122.497	1.2032	143.471		
2006-04-22T00:44:30Z	47.8349	-122.438	1.1321	143.249		
2006-04-22T00:45:30Z	47.8516	-122.372	0.75426	145.173		
2006-04-22T00:46:30Z	47.8575	-122.31	0.461381	149.125		
2006-04-22T00:47:30Z	47.8835	-122.282	0.210875	153.744		
